{
 "cells": [
  {
   "cell_type": "code",
   "execution_count": 1,
   "metadata": {},
   "outputs": [],
   "source": [
    "import os\n",
    "import subprocess\n",
    "import pandas as pd\n",
    "import platform\n",
    "import pathlib\n",
    "import numpy as np\n",
    "from annotations import *\n",
    "from extract_video_features import *\n",
    "from extract_audio_features import *\n",
    "import cv2\n",
    "import seaborn as sns\n",
    "from scipy.stats import kurtosis, skew\n",
    "from sklearn.metrics import f1_score\n",
    "import importlib\n",
    "from tqdm import tqdm\n",
    "import ordinal_classification as o_c\n",
    "from sklearn.metrics import confusion_matrix\n",
    "from sklearn.model_selection import GridSearchCV\n",
    "from util import runGridSearchClassifiers\n",
    "from sklearn.model_selection import cross_val_predict"
   ]
  },
  {
   "cell_type": "code",
   "execution_count": 2,
   "metadata": {},
   "outputs": [],
   "source": [
    "#get current directory\n",
    "cwd = os.getcwd()"
   ]
  },
  {
   "cell_type": "code",
   "execution_count": 3,
   "metadata": {},
   "outputs": [
    {
     "output_type": "execute_result",
     "data": {
      "text/plain": [
       "'/Users/valentinadiproietto/filrouge'"
      ]
     },
     "metadata": {},
     "execution_count": 3
    }
   ],
   "source": [
    "cwd"
   ]
  },
  {
   "cell_type": "code",
   "execution_count": 4,
   "metadata": {},
   "outputs": [],
   "source": [
    "OpenFace_folder = '/Users/valentinadiproietto/OpenFace'\n",
    "filename_annotations = 'https://docs.google.com/spreadsheets/d/1Rqu1sJiD-ogc4a6R491JTiaYacptOTqh6DKqhwTa8NA/gviz/tq?tqx=out:csv&sheet=Template'"
   ]
  },
  {
   "cell_type": "code",
   "execution_count": 5,
   "metadata": {},
   "outputs": [],
   "source": [
    "Video_folder = '/Users/valentinadiproietto/Desktop/video_stress'"
   ]
  },
  {
   "cell_type": "code",
   "execution_count": 6,
   "metadata": {},
   "outputs": [],
   "source": [
    "video_paths, video_names = get_videos(Video_folder)"
   ]
  },
  {
   "cell_type": "code",
   "execution_count": 7,
   "metadata": {},
   "outputs": [
    {
     "output_type": "execute_result",
     "data": {
      "text/plain": [
       "['WIN_20210331_21_22_52_Pro',\n",
       " 'WIN_20210329_14_13_45_Pro',\n",
       " 'WIN_20210406_18_49_10_Pro',\n",
       " 'WIN_20210408_14_11_32_Pro',\n",
       " 'WIN_20210408_15_20_51_Pro',\n",
       " 'WIN_20210404_10_58_27_Pro',\n",
       " 'WIN_20210414_06_24_52_Pro',\n",
       " 'WIN_20210406_15_06_15_Pro',\n",
       " 'WIN_20210417_14_53_12_Pro',\n",
       " 'WIN_20210413_15_38_01_Pro',\n",
       " 'WIN_20210408_11_48_58_Pro',\n",
       " 'WIN_20210408_16_04_32_Pro',\n",
       " 'WIN_20210329_10_16_02_Pro',\n",
       " 'WIN_20210323_19_17_40_Pro',\n",
       " 'WIN_20210409_10_26_11_Pro',\n",
       " 'Test_pour_AFPA',\n",
       " 'WIN_20210405_15_09_16_Pro',\n",
       " 'WIN_20210407_14_54_56_Pro_edit2',\n",
       " 'WIN_20210406_21_05_52_Pro',\n",
       " 'WIN_20210403_18_49_15_Pro',\n",
       " 'WIN_20210408_14_02_19_Pro',\n",
       " 'WIN_20210415_15_41_24_Pro',\n",
       " 'WIN_20210406_18_35_52_Pro',\n",
       " 'WIN_20210402_14_27_50_Pro',\n",
       " 'WIN_20210407_09_04_05_Pro',\n",
       " 'WIN_20210402_19_04_53_Pro',\n",
       " 'WIN_20210416_08_06_54_Pro',\n",
       " 'Video_1',\n",
       " 'WIN_20210408_14_00_44_Pro',\n",
       " 'WIN_20210404_21_41_12_Pro',\n",
       " 'WIN_20210330_13_10_29_Pro']"
      ]
     },
     "metadata": {},
     "execution_count": 7
    }
   ],
   "source": [
    "video_names"
   ]
  },
  {
   "cell_type": "code",
   "execution_count": 8,
   "metadata": {},
   "outputs": [],
   "source": [
    "list_dataframes = []\n",
    "for i in video_names: \n",
    "    list_dataframes.append(create_dataframe_video('/Users/valentinadiproietto/OpenFace/processed/', i))\n"
   ]
  },
  {
   "cell_type": "code",
   "execution_count": 9,
   "metadata": {},
   "outputs": [],
   "source": [
    "video_names.remove('WIN_20210329_14_13_45_Pro')\n",
    "video_names.remove('WIN_20210402_14_27_50_Pro')\n"
   ]
  },
  {
   "cell_type": "code",
   "execution_count": 10,
   "metadata": {},
   "outputs": [
    {
     "output_type": "execute_result",
     "data": {
      "text/plain": [
       "29"
      ]
     },
     "metadata": {},
     "execution_count": 10
    }
   ],
   "source": [
    "len(video_names)"
   ]
  },
  {
   "cell_type": "code",
   "execution_count": 11,
   "metadata": {},
   "outputs": [
    {
     "output_type": "stream",
     "name": "stderr",
     "text": [
      "100%|██████████| 29/29 [02:12<00:00,  4.58s/it]\n"
     ]
    }
   ],
   "source": [
    "list_df_max = []\n",
    "for v_name in tqdm(video_names):\n",
    "    df_annoted = get_df_video_with_annotations('/Users/valentinadiproietto/OpenFace/processed/', v_name, filename_annotations, \"max\")\n",
    "    list_df_max.append(eliminate_features(df_annoted))\n",
    "\n",
    "\n",
    "    "
   ]
  },
  {
   "source": [
    "## RECUPERO LE PREDIZIONI SULLE TIME WINDOW"
   ],
   "cell_type": "markdown",
   "metadata": {}
  },
  {
   "cell_type": "code",
   "execution_count": 2,
   "metadata": {},
   "outputs": [],
   "source": [
    "predict5s = pd.read_csv ('au_tw5.csv')"
   ]
  },
  {
   "cell_type": "code",
   "execution_count": 3,
   "metadata": {},
   "outputs": [
    {
     "output_type": "execute_result",
     "data": {
      "text/plain": [
       "                     video_name  diapo  frameTimeWindow  ypredict\n",
       "0                Test_pour_AFPA      9               44       1.0\n",
       "1                Test_pour_AFPA      9               45       0.0\n",
       "2                Test_pour_AFPA      9               46       1.0\n",
       "3                Test_pour_AFPA      9               47       1.0\n",
       "4                Test_pour_AFPA      9               48       1.0\n",
       "...                         ...    ...              ...       ...\n",
       "5136  WIN_20210417_14_53_12_Pro     18              120       1.0\n",
       "5137  WIN_20210417_14_53_12_Pro     18              121       1.0\n",
       "5138  WIN_20210417_14_53_12_Pro     18              122       1.0\n",
       "5139  WIN_20210417_14_53_12_Pro     18              123       1.0\n",
       "5140  WIN_20210417_14_53_12_Pro     18              124       2.0\n",
       "\n",
       "[5141 rows x 4 columns]"
      ],
      "text/html": "<div>\n<style scoped>\n    .dataframe tbody tr th:only-of-type {\n        vertical-align: middle;\n    }\n\n    .dataframe tbody tr th {\n        vertical-align: top;\n    }\n\n    .dataframe thead th {\n        text-align: right;\n    }\n</style>\n<table border=\"1\" class=\"dataframe\">\n  <thead>\n    <tr style=\"text-align: right;\">\n      <th></th>\n      <th>video_name</th>\n      <th>diapo</th>\n      <th>frameTimeWindow</th>\n      <th>ypredict</th>\n    </tr>\n  </thead>\n  <tbody>\n    <tr>\n      <th>0</th>\n      <td>Test_pour_AFPA</td>\n      <td>9</td>\n      <td>44</td>\n      <td>1.0</td>\n    </tr>\n    <tr>\n      <th>1</th>\n      <td>Test_pour_AFPA</td>\n      <td>9</td>\n      <td>45</td>\n      <td>0.0</td>\n    </tr>\n    <tr>\n      <th>2</th>\n      <td>Test_pour_AFPA</td>\n      <td>9</td>\n      <td>46</td>\n      <td>1.0</td>\n    </tr>\n    <tr>\n      <th>3</th>\n      <td>Test_pour_AFPA</td>\n      <td>9</td>\n      <td>47</td>\n      <td>1.0</td>\n    </tr>\n    <tr>\n      <th>4</th>\n      <td>Test_pour_AFPA</td>\n      <td>9</td>\n      <td>48</td>\n      <td>1.0</td>\n    </tr>\n    <tr>\n      <th>...</th>\n      <td>...</td>\n      <td>...</td>\n      <td>...</td>\n      <td>...</td>\n    </tr>\n    <tr>\n      <th>5136</th>\n      <td>WIN_20210417_14_53_12_Pro</td>\n      <td>18</td>\n      <td>120</td>\n      <td>1.0</td>\n    </tr>\n    <tr>\n      <th>5137</th>\n      <td>WIN_20210417_14_53_12_Pro</td>\n      <td>18</td>\n      <td>121</td>\n      <td>1.0</td>\n    </tr>\n    <tr>\n      <th>5138</th>\n      <td>WIN_20210417_14_53_12_Pro</td>\n      <td>18</td>\n      <td>122</td>\n      <td>1.0</td>\n    </tr>\n    <tr>\n      <th>5139</th>\n      <td>WIN_20210417_14_53_12_Pro</td>\n      <td>18</td>\n      <td>123</td>\n      <td>1.0</td>\n    </tr>\n    <tr>\n      <th>5140</th>\n      <td>WIN_20210417_14_53_12_Pro</td>\n      <td>18</td>\n      <td>124</td>\n      <td>2.0</td>\n    </tr>\n  </tbody>\n</table>\n<p>5141 rows × 4 columns</p>\n</div>"
     },
     "metadata": {},
     "execution_count": 3
    }
   ],
   "source": [
    "predict5s = pd.read_csv('au_tw5.csv').drop(\"Unnamed: 0\", axis =1)\n",
    "predict5s"
   ]
  },
  {
   "source": [
    "## PIVOT TABLE WITH COUNT OF PREDICTION 5SEC, TO PREDICT STRESS Global"
   ],
   "cell_type": "markdown",
   "metadata": {}
  },
  {
   "cell_type": "code",
   "execution_count": 4,
   "metadata": {},
   "outputs": [
    {
     "output_type": "execute_result",
     "data": {
      "text/plain": [
       "ypredict                              0.0       1.0       2.0\n",
       "video_name                                                   \n",
       "Test_pour_AFPA                   0.253968  0.730159  0.015873\n",
       "Video_1                          0.509934  0.483444  0.006623\n",
       "WIN_20210323_19_17_40_Pro        0.017857  0.964286  0.017857\n",
       "WIN_20210329_10_16_02_Pro        0.061224  0.938776  0.000000\n",
       "WIN_20210330_13_10_29_Pro        0.317881  0.682119  0.000000\n",
       "WIN_20210331_21_22_52_Pro        0.217647  0.770588  0.011765\n",
       "WIN_20210402_19_04_53_Pro        0.617143  0.371429  0.011429\n",
       "WIN_20210403_18_49_15_Pro        0.171271  0.828729  0.000000\n",
       "WIN_20210404_10_58_27_Pro        0.430000  0.565000  0.005000\n",
       "WIN_20210404_21_41_12_Pro        0.560345  0.439655  0.000000\n",
       "WIN_20210405_15_09_16_Pro        0.245161  0.754839  0.000000\n",
       "WIN_20210406_15_06_15_Pro        0.321951  0.678049  0.000000\n",
       "WIN_20210406_18_35_52_Pro        0.170886  0.829114  0.000000\n",
       "WIN_20210406_18_49_10_Pro        0.245614  0.736842  0.017544\n",
       "WIN_20210406_21_05_52_Pro        0.027027  0.951351  0.021622\n",
       "WIN_20210407_09_04_05_Pro        0.963351  0.020942  0.015707\n",
       "WIN_20210407_14_54_56_Pro_edit2  0.415094  0.584906  0.000000\n",
       "WIN_20210408_11_48_58_Pro        0.288889  0.702222  0.008889\n",
       "WIN_20210408_14_00_44_Pro        0.511236  0.488764  0.000000\n",
       "WIN_20210408_14_02_19_Pro        0.000000  1.000000  0.000000\n",
       "WIN_20210408_14_11_32_Pro        0.519231  0.480769  0.000000\n",
       "WIN_20210408_15_20_51_Pro        0.176471  0.264706  0.558824\n",
       "WIN_20210408_16_04_32_Pro        0.305882  0.658824  0.035294\n",
       "WIN_20210409_10_26_11_Pro        0.086705  0.913295  0.000000\n",
       "WIN_20210413_15_38_01_Pro        0.184971  0.815029  0.000000\n",
       "WIN_20210414_06_24_52_Pro        0.212435  0.787565  0.000000\n",
       "WIN_20210415_15_41_24_Pro        0.562212  0.433180  0.004608\n",
       "WIN_20210416_08_06_54_Pro        0.245399  0.613497  0.141104\n",
       "WIN_20210417_14_53_12_Pro        0.687023  0.305344  0.007634"
      ],
      "text/html": "<div>\n<style scoped>\n    .dataframe tbody tr th:only-of-type {\n        vertical-align: middle;\n    }\n\n    .dataframe tbody tr th {\n        vertical-align: top;\n    }\n\n    .dataframe thead th {\n        text-align: right;\n    }\n</style>\n<table border=\"1\" class=\"dataframe\">\n  <thead>\n    <tr style=\"text-align: right;\">\n      <th>ypredict</th>\n      <th>0.0</th>\n      <th>1.0</th>\n      <th>2.0</th>\n    </tr>\n    <tr>\n      <th>video_name</th>\n      <th></th>\n      <th></th>\n      <th></th>\n    </tr>\n  </thead>\n  <tbody>\n    <tr>\n      <th>Test_pour_AFPA</th>\n      <td>0.253968</td>\n      <td>0.730159</td>\n      <td>0.015873</td>\n    </tr>\n    <tr>\n      <th>Video_1</th>\n      <td>0.509934</td>\n      <td>0.483444</td>\n      <td>0.006623</td>\n    </tr>\n    <tr>\n      <th>WIN_20210323_19_17_40_Pro</th>\n      <td>0.017857</td>\n      <td>0.964286</td>\n      <td>0.017857</td>\n    </tr>\n    <tr>\n      <th>WIN_20210329_10_16_02_Pro</th>\n      <td>0.061224</td>\n      <td>0.938776</td>\n      <td>0.000000</td>\n    </tr>\n    <tr>\n      <th>WIN_20210330_13_10_29_Pro</th>\n      <td>0.317881</td>\n      <td>0.682119</td>\n      <td>0.000000</td>\n    </tr>\n    <tr>\n      <th>WIN_20210331_21_22_52_Pro</th>\n      <td>0.217647</td>\n      <td>0.770588</td>\n      <td>0.011765</td>\n    </tr>\n    <tr>\n      <th>WIN_20210402_19_04_53_Pro</th>\n      <td>0.617143</td>\n      <td>0.371429</td>\n      <td>0.011429</td>\n    </tr>\n    <tr>\n      <th>WIN_20210403_18_49_15_Pro</th>\n      <td>0.171271</td>\n      <td>0.828729</td>\n      <td>0.000000</td>\n    </tr>\n    <tr>\n      <th>WIN_20210404_10_58_27_Pro</th>\n      <td>0.430000</td>\n      <td>0.565000</td>\n      <td>0.005000</td>\n    </tr>\n    <tr>\n      <th>WIN_20210404_21_41_12_Pro</th>\n      <td>0.560345</td>\n      <td>0.439655</td>\n      <td>0.000000</td>\n    </tr>\n    <tr>\n      <th>WIN_20210405_15_09_16_Pro</th>\n      <td>0.245161</td>\n      <td>0.754839</td>\n      <td>0.000000</td>\n    </tr>\n    <tr>\n      <th>WIN_20210406_15_06_15_Pro</th>\n      <td>0.321951</td>\n      <td>0.678049</td>\n      <td>0.000000</td>\n    </tr>\n    <tr>\n      <th>WIN_20210406_18_35_52_Pro</th>\n      <td>0.170886</td>\n      <td>0.829114</td>\n      <td>0.000000</td>\n    </tr>\n    <tr>\n      <th>WIN_20210406_18_49_10_Pro</th>\n      <td>0.245614</td>\n      <td>0.736842</td>\n      <td>0.017544</td>\n    </tr>\n    <tr>\n      <th>WIN_20210406_21_05_52_Pro</th>\n      <td>0.027027</td>\n      <td>0.951351</td>\n      <td>0.021622</td>\n    </tr>\n    <tr>\n      <th>WIN_20210407_09_04_05_Pro</th>\n      <td>0.963351</td>\n      <td>0.020942</td>\n      <td>0.015707</td>\n    </tr>\n    <tr>\n      <th>WIN_20210407_14_54_56_Pro_edit2</th>\n      <td>0.415094</td>\n      <td>0.584906</td>\n      <td>0.000000</td>\n    </tr>\n    <tr>\n      <th>WIN_20210408_11_48_58_Pro</th>\n      <td>0.288889</td>\n      <td>0.702222</td>\n      <td>0.008889</td>\n    </tr>\n    <tr>\n      <th>WIN_20210408_14_00_44_Pro</th>\n      <td>0.511236</td>\n      <td>0.488764</td>\n      <td>0.000000</td>\n    </tr>\n    <tr>\n      <th>WIN_20210408_14_02_19_Pro</th>\n      <td>0.000000</td>\n      <td>1.000000</td>\n      <td>0.000000</td>\n    </tr>\n    <tr>\n      <th>WIN_20210408_14_11_32_Pro</th>\n      <td>0.519231</td>\n      <td>0.480769</td>\n      <td>0.000000</td>\n    </tr>\n    <tr>\n      <th>WIN_20210408_15_20_51_Pro</th>\n      <td>0.176471</td>\n      <td>0.264706</td>\n      <td>0.558824</td>\n    </tr>\n    <tr>\n      <th>WIN_20210408_16_04_32_Pro</th>\n      <td>0.305882</td>\n      <td>0.658824</td>\n      <td>0.035294</td>\n    </tr>\n    <tr>\n      <th>WIN_20210409_10_26_11_Pro</th>\n      <td>0.086705</td>\n      <td>0.913295</td>\n      <td>0.000000</td>\n    </tr>\n    <tr>\n      <th>WIN_20210413_15_38_01_Pro</th>\n      <td>0.184971</td>\n      <td>0.815029</td>\n      <td>0.000000</td>\n    </tr>\n    <tr>\n      <th>WIN_20210414_06_24_52_Pro</th>\n      <td>0.212435</td>\n      <td>0.787565</td>\n      <td>0.000000</td>\n    </tr>\n    <tr>\n      <th>WIN_20210415_15_41_24_Pro</th>\n      <td>0.562212</td>\n      <td>0.433180</td>\n      <td>0.004608</td>\n    </tr>\n    <tr>\n      <th>WIN_20210416_08_06_54_Pro</th>\n      <td>0.245399</td>\n      <td>0.613497</td>\n      <td>0.141104</td>\n    </tr>\n    <tr>\n      <th>WIN_20210417_14_53_12_Pro</th>\n      <td>0.687023</td>\n      <td>0.305344</td>\n      <td>0.007634</td>\n    </tr>\n  </tbody>\n</table>\n</div>"
     },
     "metadata": {},
     "execution_count": 4
    }
   ],
   "source": [
    "X = predict5s.pivot_table(values='frameTimeWindow', columns='ypredict', index=['video_name'], aggfunc='count', fill_value=0)\n",
    "X_sum = X.sum(axis=1).values.copy()\n",
    "for col_number in range(len(X.columns)):\n",
    "    X.iloc[:,col_number] = X.iloc[:,col_number] / X_sum\n",
    "X"
   ]
  },
  {
   "cell_type": "code",
   "execution_count": 5,
   "metadata": {},
   "outputs": [
    {
     "output_type": "execute_result",
     "data": {
      "text/plain": [
       "                         video_name  stress_global\n",
       "0                    Test_pour_AFPA            1.0\n",
       "1                           Video_1            0.0\n",
       "2         WIN_20210323_19_17_40_Pro            1.0\n",
       "3         WIN_20210329_10_16_02_Pro            1.0\n",
       "4         WIN_20210330_13_10_29_Pro            0.0\n",
       "5         WIN_20210331_21_22_52_Pro            1.0\n",
       "6         WIN_20210402_14_27_50_Pro            1.0\n",
       "7         WIN_20210402_19_04_53_Pro            2.0\n",
       "8         WIN_20210403_18_49_15_Pro            2.0\n",
       "9         WIN_20210404_10_58_27_Pro            1.0\n",
       "10        WIN_20210404_21_41_12_Pro            0.0\n",
       "11        WIN_20210405_15_09_16_Pro            1.0\n",
       "12        WIN_20210406_15_06_15_Pro            2.0\n",
       "13        WIN_20210406_18_35_52_Pro            0.0\n",
       "14        WIN_20210406_18_49_10_Pro            1.0\n",
       "15        WIN_20210406_21_05_52_Pro            2.0\n",
       "16        WIN_20210407_09_04_05_Pro            2.0\n",
       "17  WIN_20210407_14_54_56_Pro_edit2            0.0\n",
       "18        WIN_20210408_11_48_58_Pro            2.0\n",
       "19        WIN_20210408_14_00_44_Pro            0.0\n",
       "20        WIN_20210408_14_02_19_Pro            0.0\n",
       "21        WIN_20210408_14_11_32_Pro            2.0\n",
       "22        WIN_20210408_15_20_51_Pro            0.0\n",
       "23        WIN_20210408_16_04_32_Pro            0.0\n",
       "24        WIN_20210409_10_26_11_Pro            0.0\n",
       "25        WIN_20210413_15_38_01_Pro            1.0\n",
       "26        WIN_20210414_06_24_52_Pro            2.0\n",
       "27        WIN_20210415_15_41_24_Pro            0.0\n",
       "28        WIN_20210416_08_06_54_Pro            1.0\n",
       "29        WIN_20210417_14_53_12_Pro            0.0"
      ],
      "text/html": "<div>\n<style scoped>\n    .dataframe tbody tr th:only-of-type {\n        vertical-align: middle;\n    }\n\n    .dataframe tbody tr th {\n        vertical-align: top;\n    }\n\n    .dataframe thead th {\n        text-align: right;\n    }\n</style>\n<table border=\"1\" class=\"dataframe\">\n  <thead>\n    <tr style=\"text-align: right;\">\n      <th></th>\n      <th>video_name</th>\n      <th>stress_global</th>\n    </tr>\n  </thead>\n  <tbody>\n    <tr>\n      <th>0</th>\n      <td>Test_pour_AFPA</td>\n      <td>1.0</td>\n    </tr>\n    <tr>\n      <th>1</th>\n      <td>Video_1</td>\n      <td>0.0</td>\n    </tr>\n    <tr>\n      <th>2</th>\n      <td>WIN_20210323_19_17_40_Pro</td>\n      <td>1.0</td>\n    </tr>\n    <tr>\n      <th>3</th>\n      <td>WIN_20210329_10_16_02_Pro</td>\n      <td>1.0</td>\n    </tr>\n    <tr>\n      <th>4</th>\n      <td>WIN_20210330_13_10_29_Pro</td>\n      <td>0.0</td>\n    </tr>\n    <tr>\n      <th>5</th>\n      <td>WIN_20210331_21_22_52_Pro</td>\n      <td>1.0</td>\n    </tr>\n    <tr>\n      <th>6</th>\n      <td>WIN_20210402_14_27_50_Pro</td>\n      <td>1.0</td>\n    </tr>\n    <tr>\n      <th>7</th>\n      <td>WIN_20210402_19_04_53_Pro</td>\n      <td>2.0</td>\n    </tr>\n    <tr>\n      <th>8</th>\n      <td>WIN_20210403_18_49_15_Pro</td>\n      <td>2.0</td>\n    </tr>\n    <tr>\n      <th>9</th>\n      <td>WIN_20210404_10_58_27_Pro</td>\n      <td>1.0</td>\n    </tr>\n    <tr>\n      <th>10</th>\n      <td>WIN_20210404_21_41_12_Pro</td>\n      <td>0.0</td>\n    </tr>\n    <tr>\n      <th>11</th>\n      <td>WIN_20210405_15_09_16_Pro</td>\n      <td>1.0</td>\n    </tr>\n    <tr>\n      <th>12</th>\n      <td>WIN_20210406_15_06_15_Pro</td>\n      <td>2.0</td>\n    </tr>\n    <tr>\n      <th>13</th>\n      <td>WIN_20210406_18_35_52_Pro</td>\n      <td>0.0</td>\n    </tr>\n    <tr>\n      <th>14</th>\n      <td>WIN_20210406_18_49_10_Pro</td>\n      <td>1.0</td>\n    </tr>\n    <tr>\n      <th>15</th>\n      <td>WIN_20210406_21_05_52_Pro</td>\n      <td>2.0</td>\n    </tr>\n    <tr>\n      <th>16</th>\n      <td>WIN_20210407_09_04_05_Pro</td>\n      <td>2.0</td>\n    </tr>\n    <tr>\n      <th>17</th>\n      <td>WIN_20210407_14_54_56_Pro_edit2</td>\n      <td>0.0</td>\n    </tr>\n    <tr>\n      <th>18</th>\n      <td>WIN_20210408_11_48_58_Pro</td>\n      <td>2.0</td>\n    </tr>\n    <tr>\n      <th>19</th>\n      <td>WIN_20210408_14_00_44_Pro</td>\n      <td>0.0</td>\n    </tr>\n    <tr>\n      <th>20</th>\n      <td>WIN_20210408_14_02_19_Pro</td>\n      <td>0.0</td>\n    </tr>\n    <tr>\n      <th>21</th>\n      <td>WIN_20210408_14_11_32_Pro</td>\n      <td>2.0</td>\n    </tr>\n    <tr>\n      <th>22</th>\n      <td>WIN_20210408_15_20_51_Pro</td>\n      <td>0.0</td>\n    </tr>\n    <tr>\n      <th>23</th>\n      <td>WIN_20210408_16_04_32_Pro</td>\n      <td>0.0</td>\n    </tr>\n    <tr>\n      <th>24</th>\n      <td>WIN_20210409_10_26_11_Pro</td>\n      <td>0.0</td>\n    </tr>\n    <tr>\n      <th>25</th>\n      <td>WIN_20210413_15_38_01_Pro</td>\n      <td>1.0</td>\n    </tr>\n    <tr>\n      <th>26</th>\n      <td>WIN_20210414_06_24_52_Pro</td>\n      <td>2.0</td>\n    </tr>\n    <tr>\n      <th>27</th>\n      <td>WIN_20210415_15_41_24_Pro</td>\n      <td>0.0</td>\n    </tr>\n    <tr>\n      <th>28</th>\n      <td>WIN_20210416_08_06_54_Pro</td>\n      <td>1.0</td>\n    </tr>\n    <tr>\n      <th>29</th>\n      <td>WIN_20210417_14_53_12_Pro</td>\n      <td>0.0</td>\n    </tr>\n  </tbody>\n</table>\n</div>"
     },
     "metadata": {},
     "execution_count": 5
    }
   ],
   "source": [
    "#recuperalo stress globale vero \n",
    "df_annotations_stress = pd.read_csv('annotations.csv')\n",
    "df_annotations_stress = df_annotations_stress.drop(['1', '8', '9', '10', '11', '12', '17', '18'], axis =1)\n",
    "df_annotations_stress"
   ]
  },
  {
   "cell_type": "code",
   "execution_count": 6,
   "metadata": {},
   "outputs": [
    {
     "output_type": "execute_result",
     "data": {
      "text/plain": [
       "                         video_name       0.0       1.0       2.0  \\\n",
       "0                    Test_pour_AFPA  0.253968  0.730159  0.015873   \n",
       "1                           Video_1  0.509934  0.483444  0.006623   \n",
       "2         WIN_20210323_19_17_40_Pro  0.017857  0.964286  0.017857   \n",
       "3         WIN_20210329_10_16_02_Pro  0.061224  0.938776  0.000000   \n",
       "4         WIN_20210330_13_10_29_Pro  0.317881  0.682119  0.000000   \n",
       "5         WIN_20210331_21_22_52_Pro  0.217647  0.770588  0.011765   \n",
       "6         WIN_20210402_19_04_53_Pro  0.617143  0.371429  0.011429   \n",
       "7         WIN_20210403_18_49_15_Pro  0.171271  0.828729  0.000000   \n",
       "8         WIN_20210404_10_58_27_Pro  0.430000  0.565000  0.005000   \n",
       "9         WIN_20210404_21_41_12_Pro  0.560345  0.439655  0.000000   \n",
       "10        WIN_20210405_15_09_16_Pro  0.245161  0.754839  0.000000   \n",
       "11        WIN_20210406_15_06_15_Pro  0.321951  0.678049  0.000000   \n",
       "12        WIN_20210406_18_35_52_Pro  0.170886  0.829114  0.000000   \n",
       "13        WIN_20210406_18_49_10_Pro  0.245614  0.736842  0.017544   \n",
       "14        WIN_20210406_21_05_52_Pro  0.027027  0.951351  0.021622   \n",
       "15        WIN_20210407_09_04_05_Pro  0.963351  0.020942  0.015707   \n",
       "16  WIN_20210407_14_54_56_Pro_edit2  0.415094  0.584906  0.000000   \n",
       "17        WIN_20210408_11_48_58_Pro  0.288889  0.702222  0.008889   \n",
       "18        WIN_20210408_14_00_44_Pro  0.511236  0.488764  0.000000   \n",
       "19        WIN_20210408_14_02_19_Pro  0.000000  1.000000  0.000000   \n",
       "20        WIN_20210408_14_11_32_Pro  0.519231  0.480769  0.000000   \n",
       "21        WIN_20210408_15_20_51_Pro  0.176471  0.264706  0.558824   \n",
       "22        WIN_20210408_16_04_32_Pro  0.305882  0.658824  0.035294   \n",
       "23        WIN_20210409_10_26_11_Pro  0.086705  0.913295  0.000000   \n",
       "24        WIN_20210413_15_38_01_Pro  0.184971  0.815029  0.000000   \n",
       "25        WIN_20210414_06_24_52_Pro  0.212435  0.787565  0.000000   \n",
       "26        WIN_20210415_15_41_24_Pro  0.562212  0.433180  0.004608   \n",
       "27        WIN_20210416_08_06_54_Pro  0.245399  0.613497  0.141104   \n",
       "28        WIN_20210417_14_53_12_Pro  0.687023  0.305344  0.007634   \n",
       "\n",
       "    stress_global  \n",
       "0             1.0  \n",
       "1             0.0  \n",
       "2             1.0  \n",
       "3             1.0  \n",
       "4             0.0  \n",
       "5             1.0  \n",
       "6             2.0  \n",
       "7             2.0  \n",
       "8             1.0  \n",
       "9             0.0  \n",
       "10            1.0  \n",
       "11            2.0  \n",
       "12            0.0  \n",
       "13            1.0  \n",
       "14            2.0  \n",
       "15            2.0  \n",
       "16            0.0  \n",
       "17            2.0  \n",
       "18            0.0  \n",
       "19            0.0  \n",
       "20            2.0  \n",
       "21            0.0  \n",
       "22            0.0  \n",
       "23            0.0  \n",
       "24            1.0  \n",
       "25            2.0  \n",
       "26            0.0  \n",
       "27            1.0  \n",
       "28            0.0  "
      ],
      "text/html": "<div>\n<style scoped>\n    .dataframe tbody tr th:only-of-type {\n        vertical-align: middle;\n    }\n\n    .dataframe tbody tr th {\n        vertical-align: top;\n    }\n\n    .dataframe thead th {\n        text-align: right;\n    }\n</style>\n<table border=\"1\" class=\"dataframe\">\n  <thead>\n    <tr style=\"text-align: right;\">\n      <th></th>\n      <th>video_name</th>\n      <th>0.0</th>\n      <th>1.0</th>\n      <th>2.0</th>\n      <th>stress_global</th>\n    </tr>\n  </thead>\n  <tbody>\n    <tr>\n      <th>0</th>\n      <td>Test_pour_AFPA</td>\n      <td>0.253968</td>\n      <td>0.730159</td>\n      <td>0.015873</td>\n      <td>1.0</td>\n    </tr>\n    <tr>\n      <th>1</th>\n      <td>Video_1</td>\n      <td>0.509934</td>\n      <td>0.483444</td>\n      <td>0.006623</td>\n      <td>0.0</td>\n    </tr>\n    <tr>\n      <th>2</th>\n      <td>WIN_20210323_19_17_40_Pro</td>\n      <td>0.017857</td>\n      <td>0.964286</td>\n      <td>0.017857</td>\n      <td>1.0</td>\n    </tr>\n    <tr>\n      <th>3</th>\n      <td>WIN_20210329_10_16_02_Pro</td>\n      <td>0.061224</td>\n      <td>0.938776</td>\n      <td>0.000000</td>\n      <td>1.0</td>\n    </tr>\n    <tr>\n      <th>4</th>\n      <td>WIN_20210330_13_10_29_Pro</td>\n      <td>0.317881</td>\n      <td>0.682119</td>\n      <td>0.000000</td>\n      <td>0.0</td>\n    </tr>\n    <tr>\n      <th>5</th>\n      <td>WIN_20210331_21_22_52_Pro</td>\n      <td>0.217647</td>\n      <td>0.770588</td>\n      <td>0.011765</td>\n      <td>1.0</td>\n    </tr>\n    <tr>\n      <th>6</th>\n      <td>WIN_20210402_19_04_53_Pro</td>\n      <td>0.617143</td>\n      <td>0.371429</td>\n      <td>0.011429</td>\n      <td>2.0</td>\n    </tr>\n    <tr>\n      <th>7</th>\n      <td>WIN_20210403_18_49_15_Pro</td>\n      <td>0.171271</td>\n      <td>0.828729</td>\n      <td>0.000000</td>\n      <td>2.0</td>\n    </tr>\n    <tr>\n      <th>8</th>\n      <td>WIN_20210404_10_58_27_Pro</td>\n      <td>0.430000</td>\n      <td>0.565000</td>\n      <td>0.005000</td>\n      <td>1.0</td>\n    </tr>\n    <tr>\n      <th>9</th>\n      <td>WIN_20210404_21_41_12_Pro</td>\n      <td>0.560345</td>\n      <td>0.439655</td>\n      <td>0.000000</td>\n      <td>0.0</td>\n    </tr>\n    <tr>\n      <th>10</th>\n      <td>WIN_20210405_15_09_16_Pro</td>\n      <td>0.245161</td>\n      <td>0.754839</td>\n      <td>0.000000</td>\n      <td>1.0</td>\n    </tr>\n    <tr>\n      <th>11</th>\n      <td>WIN_20210406_15_06_15_Pro</td>\n      <td>0.321951</td>\n      <td>0.678049</td>\n      <td>0.000000</td>\n      <td>2.0</td>\n    </tr>\n    <tr>\n      <th>12</th>\n      <td>WIN_20210406_18_35_52_Pro</td>\n      <td>0.170886</td>\n      <td>0.829114</td>\n      <td>0.000000</td>\n      <td>0.0</td>\n    </tr>\n    <tr>\n      <th>13</th>\n      <td>WIN_20210406_18_49_10_Pro</td>\n      <td>0.245614</td>\n      <td>0.736842</td>\n      <td>0.017544</td>\n      <td>1.0</td>\n    </tr>\n    <tr>\n      <th>14</th>\n      <td>WIN_20210406_21_05_52_Pro</td>\n      <td>0.027027</td>\n      <td>0.951351</td>\n      <td>0.021622</td>\n      <td>2.0</td>\n    </tr>\n    <tr>\n      <th>15</th>\n      <td>WIN_20210407_09_04_05_Pro</td>\n      <td>0.963351</td>\n      <td>0.020942</td>\n      <td>0.015707</td>\n      <td>2.0</td>\n    </tr>\n    <tr>\n      <th>16</th>\n      <td>WIN_20210407_14_54_56_Pro_edit2</td>\n      <td>0.415094</td>\n      <td>0.584906</td>\n      <td>0.000000</td>\n      <td>0.0</td>\n    </tr>\n    <tr>\n      <th>17</th>\n      <td>WIN_20210408_11_48_58_Pro</td>\n      <td>0.288889</td>\n      <td>0.702222</td>\n      <td>0.008889</td>\n      <td>2.0</td>\n    </tr>\n    <tr>\n      <th>18</th>\n      <td>WIN_20210408_14_00_44_Pro</td>\n      <td>0.511236</td>\n      <td>0.488764</td>\n      <td>0.000000</td>\n      <td>0.0</td>\n    </tr>\n    <tr>\n      <th>19</th>\n      <td>WIN_20210408_14_02_19_Pro</td>\n      <td>0.000000</td>\n      <td>1.000000</td>\n      <td>0.000000</td>\n      <td>0.0</td>\n    </tr>\n    <tr>\n      <th>20</th>\n      <td>WIN_20210408_14_11_32_Pro</td>\n      <td>0.519231</td>\n      <td>0.480769</td>\n      <td>0.000000</td>\n      <td>2.0</td>\n    </tr>\n    <tr>\n      <th>21</th>\n      <td>WIN_20210408_15_20_51_Pro</td>\n      <td>0.176471</td>\n      <td>0.264706</td>\n      <td>0.558824</td>\n      <td>0.0</td>\n    </tr>\n    <tr>\n      <th>22</th>\n      <td>WIN_20210408_16_04_32_Pro</td>\n      <td>0.305882</td>\n      <td>0.658824</td>\n      <td>0.035294</td>\n      <td>0.0</td>\n    </tr>\n    <tr>\n      <th>23</th>\n      <td>WIN_20210409_10_26_11_Pro</td>\n      <td>0.086705</td>\n      <td>0.913295</td>\n      <td>0.000000</td>\n      <td>0.0</td>\n    </tr>\n    <tr>\n      <th>24</th>\n      <td>WIN_20210413_15_38_01_Pro</td>\n      <td>0.184971</td>\n      <td>0.815029</td>\n      <td>0.000000</td>\n      <td>1.0</td>\n    </tr>\n    <tr>\n      <th>25</th>\n      <td>WIN_20210414_06_24_52_Pro</td>\n      <td>0.212435</td>\n      <td>0.787565</td>\n      <td>0.000000</td>\n      <td>2.0</td>\n    </tr>\n    <tr>\n      <th>26</th>\n      <td>WIN_20210415_15_41_24_Pro</td>\n      <td>0.562212</td>\n      <td>0.433180</td>\n      <td>0.004608</td>\n      <td>0.0</td>\n    </tr>\n    <tr>\n      <th>27</th>\n      <td>WIN_20210416_08_06_54_Pro</td>\n      <td>0.245399</td>\n      <td>0.613497</td>\n      <td>0.141104</td>\n      <td>1.0</td>\n    </tr>\n    <tr>\n      <th>28</th>\n      <td>WIN_20210417_14_53_12_Pro</td>\n      <td>0.687023</td>\n      <td>0.305344</td>\n      <td>0.007634</td>\n      <td>0.0</td>\n    </tr>\n  </tbody>\n</table>\n</div>"
     },
     "metadata": {},
     "execution_count": 6
    }
   ],
   "source": [
    "Xy = X.merge(df_annotations_stress, how='inner', on=['video_name'])\n",
    "X = Xy.iloc[:,:-1].set_index(['video_name'])\n",
    "y = Xy.iloc[:,-1]\n",
    "Xy"
   ]
  },
  {
   "cell_type": "code",
   "execution_count": 7,
   "metadata": {},
   "outputs": [
    {
     "output_type": "execute_result",
     "data": {
      "text/plain": [
       "                                      0.0       1.0       2.0\n",
       "video_name                                                   \n",
       "Test_pour_AFPA                   0.253968  0.730159  0.015873\n",
       "Video_1                          0.509934  0.483444  0.006623\n",
       "WIN_20210323_19_17_40_Pro        0.017857  0.964286  0.017857\n",
       "WIN_20210329_10_16_02_Pro        0.061224  0.938776  0.000000\n",
       "WIN_20210330_13_10_29_Pro        0.317881  0.682119  0.000000\n",
       "WIN_20210331_21_22_52_Pro        0.217647  0.770588  0.011765\n",
       "WIN_20210402_19_04_53_Pro        0.617143  0.371429  0.011429\n",
       "WIN_20210403_18_49_15_Pro        0.171271  0.828729  0.000000\n",
       "WIN_20210404_10_58_27_Pro        0.430000  0.565000  0.005000\n",
       "WIN_20210404_21_41_12_Pro        0.560345  0.439655  0.000000\n",
       "WIN_20210405_15_09_16_Pro        0.245161  0.754839  0.000000\n",
       "WIN_20210406_15_06_15_Pro        0.321951  0.678049  0.000000\n",
       "WIN_20210406_18_35_52_Pro        0.170886  0.829114  0.000000\n",
       "WIN_20210406_18_49_10_Pro        0.245614  0.736842  0.017544\n",
       "WIN_20210406_21_05_52_Pro        0.027027  0.951351  0.021622\n",
       "WIN_20210407_09_04_05_Pro        0.963351  0.020942  0.015707\n",
       "WIN_20210407_14_54_56_Pro_edit2  0.415094  0.584906  0.000000\n",
       "WIN_20210408_11_48_58_Pro        0.288889  0.702222  0.008889\n",
       "WIN_20210408_14_00_44_Pro        0.511236  0.488764  0.000000\n",
       "WIN_20210408_14_02_19_Pro        0.000000  1.000000  0.000000\n",
       "WIN_20210408_14_11_32_Pro        0.519231  0.480769  0.000000\n",
       "WIN_20210408_15_20_51_Pro        0.176471  0.264706  0.558824\n",
       "WIN_20210408_16_04_32_Pro        0.305882  0.658824  0.035294\n",
       "WIN_20210409_10_26_11_Pro        0.086705  0.913295  0.000000\n",
       "WIN_20210413_15_38_01_Pro        0.184971  0.815029  0.000000\n",
       "WIN_20210414_06_24_52_Pro        0.212435  0.787565  0.000000\n",
       "WIN_20210415_15_41_24_Pro        0.562212  0.433180  0.004608\n",
       "WIN_20210416_08_06_54_Pro        0.245399  0.613497  0.141104\n",
       "WIN_20210417_14_53_12_Pro        0.687023  0.305344  0.007634"
      ],
      "text/html": "<div>\n<style scoped>\n    .dataframe tbody tr th:only-of-type {\n        vertical-align: middle;\n    }\n\n    .dataframe tbody tr th {\n        vertical-align: top;\n    }\n\n    .dataframe thead th {\n        text-align: right;\n    }\n</style>\n<table border=\"1\" class=\"dataframe\">\n  <thead>\n    <tr style=\"text-align: right;\">\n      <th></th>\n      <th>0.0</th>\n      <th>1.0</th>\n      <th>2.0</th>\n    </tr>\n    <tr>\n      <th>video_name</th>\n      <th></th>\n      <th></th>\n      <th></th>\n    </tr>\n  </thead>\n  <tbody>\n    <tr>\n      <th>Test_pour_AFPA</th>\n      <td>0.253968</td>\n      <td>0.730159</td>\n      <td>0.015873</td>\n    </tr>\n    <tr>\n      <th>Video_1</th>\n      <td>0.509934</td>\n      <td>0.483444</td>\n      <td>0.006623</td>\n    </tr>\n    <tr>\n      <th>WIN_20210323_19_17_40_Pro</th>\n      <td>0.017857</td>\n      <td>0.964286</td>\n      <td>0.017857</td>\n    </tr>\n    <tr>\n      <th>WIN_20210329_10_16_02_Pro</th>\n      <td>0.061224</td>\n      <td>0.938776</td>\n      <td>0.000000</td>\n    </tr>\n    <tr>\n      <th>WIN_20210330_13_10_29_Pro</th>\n      <td>0.317881</td>\n      <td>0.682119</td>\n      <td>0.000000</td>\n    </tr>\n    <tr>\n      <th>WIN_20210331_21_22_52_Pro</th>\n      <td>0.217647</td>\n      <td>0.770588</td>\n      <td>0.011765</td>\n    </tr>\n    <tr>\n      <th>WIN_20210402_19_04_53_Pro</th>\n      <td>0.617143</td>\n      <td>0.371429</td>\n      <td>0.011429</td>\n    </tr>\n    <tr>\n      <th>WIN_20210403_18_49_15_Pro</th>\n      <td>0.171271</td>\n      <td>0.828729</td>\n      <td>0.000000</td>\n    </tr>\n    <tr>\n      <th>WIN_20210404_10_58_27_Pro</th>\n      <td>0.430000</td>\n      <td>0.565000</td>\n      <td>0.005000</td>\n    </tr>\n    <tr>\n      <th>WIN_20210404_21_41_12_Pro</th>\n      <td>0.560345</td>\n      <td>0.439655</td>\n      <td>0.000000</td>\n    </tr>\n    <tr>\n      <th>WIN_20210405_15_09_16_Pro</th>\n      <td>0.245161</td>\n      <td>0.754839</td>\n      <td>0.000000</td>\n    </tr>\n    <tr>\n      <th>WIN_20210406_15_06_15_Pro</th>\n      <td>0.321951</td>\n      <td>0.678049</td>\n      <td>0.000000</td>\n    </tr>\n    <tr>\n      <th>WIN_20210406_18_35_52_Pro</th>\n      <td>0.170886</td>\n      <td>0.829114</td>\n      <td>0.000000</td>\n    </tr>\n    <tr>\n      <th>WIN_20210406_18_49_10_Pro</th>\n      <td>0.245614</td>\n      <td>0.736842</td>\n      <td>0.017544</td>\n    </tr>\n    <tr>\n      <th>WIN_20210406_21_05_52_Pro</th>\n      <td>0.027027</td>\n      <td>0.951351</td>\n      <td>0.021622</td>\n    </tr>\n    <tr>\n      <th>WIN_20210407_09_04_05_Pro</th>\n      <td>0.963351</td>\n      <td>0.020942</td>\n      <td>0.015707</td>\n    </tr>\n    <tr>\n      <th>WIN_20210407_14_54_56_Pro_edit2</th>\n      <td>0.415094</td>\n      <td>0.584906</td>\n      <td>0.000000</td>\n    </tr>\n    <tr>\n      <th>WIN_20210408_11_48_58_Pro</th>\n      <td>0.288889</td>\n      <td>0.702222</td>\n      <td>0.008889</td>\n    </tr>\n    <tr>\n      <th>WIN_20210408_14_00_44_Pro</th>\n      <td>0.511236</td>\n      <td>0.488764</td>\n      <td>0.000000</td>\n    </tr>\n    <tr>\n      <th>WIN_20210408_14_02_19_Pro</th>\n      <td>0.000000</td>\n      <td>1.000000</td>\n      <td>0.000000</td>\n    </tr>\n    <tr>\n      <th>WIN_20210408_14_11_32_Pro</th>\n      <td>0.519231</td>\n      <td>0.480769</td>\n      <td>0.000000</td>\n    </tr>\n    <tr>\n      <th>WIN_20210408_15_20_51_Pro</th>\n      <td>0.176471</td>\n      <td>0.264706</td>\n      <td>0.558824</td>\n    </tr>\n    <tr>\n      <th>WIN_20210408_16_04_32_Pro</th>\n      <td>0.305882</td>\n      <td>0.658824</td>\n      <td>0.035294</td>\n    </tr>\n    <tr>\n      <th>WIN_20210409_10_26_11_Pro</th>\n      <td>0.086705</td>\n      <td>0.913295</td>\n      <td>0.000000</td>\n    </tr>\n    <tr>\n      <th>WIN_20210413_15_38_01_Pro</th>\n      <td>0.184971</td>\n      <td>0.815029</td>\n      <td>0.000000</td>\n    </tr>\n    <tr>\n      <th>WIN_20210414_06_24_52_Pro</th>\n      <td>0.212435</td>\n      <td>0.787565</td>\n      <td>0.000000</td>\n    </tr>\n    <tr>\n      <th>WIN_20210415_15_41_24_Pro</th>\n      <td>0.562212</td>\n      <td>0.433180</td>\n      <td>0.004608</td>\n    </tr>\n    <tr>\n      <th>WIN_20210416_08_06_54_Pro</th>\n      <td>0.245399</td>\n      <td>0.613497</td>\n      <td>0.141104</td>\n    </tr>\n    <tr>\n      <th>WIN_20210417_14_53_12_Pro</th>\n      <td>0.687023</td>\n      <td>0.305344</td>\n      <td>0.007634</td>\n    </tr>\n  </tbody>\n</table>\n</div>"
     },
     "metadata": {},
     "execution_count": 7
    }
   ],
   "source": [
    "X"
   ]
  },
  {
   "cell_type": "code",
   "execution_count": 9,
   "metadata": {},
   "outputs": [],
   "source": [
    "from sklearn.linear_model import LogisticRegression\n",
    "from sklearn.neighbors import KNeighborsClassifier\n",
    "from sklearn.ensemble import RandomForestClassifier\n",
    "from sklearn.model_selection import LeaveOneGroupOut\n",
    "from sklearn.decomposition import PCA\n",
    "from sklearn.pipeline import Pipeline\n",
    "\n",
    "pca = PCA()\n",
    "pipe = Pipeline(steps=[('pca', pca), ('logistic', LogisticRegression(multi_class='multinomial', fit_intercept=True, random_state=42))])\n",
    "\n",
    "models_list = [\n",
    "                LogisticRegression(multi_class='multinomial', fit_intercept=True, random_state=42),\n",
    "                Pipeline(steps=[('pca', pca), ('logistic', LogisticRegression(multi_class='multinomial', fit_intercept=True))]),\n",
    "                KNeighborsClassifier(),\n",
    "                Pipeline(steps=[('pca', pca), ('knn', KNeighborsClassifier())]),\n",
