{
 "cells": [
  {
   "cell_type": "code",
   "execution_count": 44,
   "metadata": {},
   "outputs": [],
   "source": [
    "import os\n",
    "import subprocess\n",
    "import pandas as pd\n",
    "import platform\n",
    "import pathlib\n",
    "import numpy as np\n",
    "from annotations import *\n",
    "from extract_video_features import *\n",
    "from extract_audio_features import *\n",
    "import cv2\n",
    "import seaborn as sns\n",
    "from scipy.stats import kurtosis, skew\n",
    "from sklearn.metrics import f1_score\n",
    "import importlib\n",
    "from tqdm import tqdm\n",
    "import ordinal_classification as o_c\n",
    "from sklearn.metrics import confusion_matrix\n",
    "from sklearn.model_selection import GridSearchCV\n",
    "from util import runGridSearchClassifiers\n",
    "from sklearn.model_selection import cross_val_predict"
   ]
  },
  {
   "cell_type": "code",
   "execution_count": 2,
   "metadata": {},
   "outputs": [],
   "source": [
    "#get current directory\n",
    "cwd = os.getcwd()"
   ]
  },
  {
   "cell_type": "code",
   "execution_count": 3,
   "metadata": {},
   "outputs": [
    {
     "output_type": "execute_result",
     "data": {
      "text/plain": [
       "'/Users/valentinadiproietto/filrouge'"
      ]
     },
     "metadata": {},
     "execution_count": 3
    }
   ],
   "source": [
    "cwd"
   ]
  },
  {
   "cell_type": "code",
   "execution_count": 4,
   "metadata": {},
   "outputs": [],
   "source": [
    "OpenFace_folder = '/Users/valentinadiproietto/OpenFace'\n",
    "filename_annotations = 'https://docs.google.com/spreadsheets/d/1Rqu1sJiD-ogc4a6R491JTiaYacptOTqh6DKqhwTa8NA/gviz/tq?tqx=out:csv&sheet=Template'"
   ]
  },
  {
   "cell_type": "code",
   "execution_count": 5,
   "metadata": {},
   "outputs": [],
   "source": [
    "Video_folder = '/Users/valentinadiproietto/Desktop/video_stress'"
   ]
  },
  {
   "cell_type": "code",
   "execution_count": 6,
   "metadata": {},
   "outputs": [],
   "source": [
    "video_paths, video_names = get_videos(Video_folder)"
   ]
  },
  {
   "cell_type": "code",
   "execution_count": 7,
   "metadata": {},
   "outputs": [
    {
     "output_type": "execute_result",
     "data": {
      "text/plain": [
       "['WIN_20210331_21_22_52_Pro',\n",
       " 'WIN_20210329_14_13_45_Pro',\n",
       " 'WIN_20210406_18_49_10_Pro',\n",
       " 'WIN_20210408_14_11_32_Pro',\n",
       " 'WIN_20210408_15_20_51_Pro',\n",
       " 'WIN_20210404_10_58_27_Pro',\n",
       " 'WIN_20210414_06_24_52_Pro',\n",
       " 'WIN_20210406_15_06_15_Pro',\n",
       " 'WIN_20210417_14_53_12_Pro',\n",
       " 'WIN_20210413_15_38_01_Pro',\n",
       " 'WIN_20210408_11_48_58_Pro',\n",
       " 'WIN_20210408_16_04_32_Pro',\n",
       " 'WIN_20210329_10_16_02_Pro',\n",
       " 'WIN_20210323_19_17_40_Pro',\n",
       " 'WIN_20210409_10_26_11_Pro',\n",
       " 'Test_pour_AFPA',\n",
       " 'WIN_20210405_15_09_16_Pro',\n",
       " 'WIN_20210407_14_54_56_Pro_edit2',\n",
       " 'WIN_20210406_21_05_52_Pro',\n",
       " 'WIN_20210403_18_49_15_Pro',\n",
       " 'WIN_20210408_14_02_19_Pro',\n",
       " 'WIN_20210415_15_41_24_Pro',\n",
       " 'WIN_20210406_18_35_52_Pro',\n",
       " 'WIN_20210402_14_27_50_Pro',\n",
       " 'WIN_20210407_09_04_05_Pro',\n",
       " 'WIN_20210402_19_04_53_Pro',\n",
       " 'WIN_20210416_08_06_54_Pro',\n",
       " 'Video_1',\n",
       " 'WIN_20210408_14_00_44_Pro',\n",
       " 'WIN_20210404_21_41_12_Pro',\n",
       " 'WIN_20210330_13_10_29_Pro']"
      ]
     },
     "metadata": {},
     "execution_count": 7
    }
   ],
   "source": [
    "video_names"
   ]
  },
  {
   "cell_type": "code",
   "execution_count": 8,
   "metadata": {},
   "outputs": [],
   "source": [
    "list_dataframes = []\n",
    "for i in video_names: \n",
    "    list_dataframes.append(create_dataframe_video('/Users/valentinadiproietto/OpenFace/processed/', i))\n"
   ]
  },
  {
   "cell_type": "code",
   "execution_count": 9,
   "metadata": {},
   "outputs": [],
   "source": [
    "video_names.remove('WIN_20210329_14_13_45_Pro')\n",
    "video_names.remove('WIN_20210402_14_27_50_Pro')\n"
   ]
  },
  {
   "cell_type": "code",
   "execution_count": 10,
   "metadata": {},
   "outputs": [
    {
     "output_type": "execute_result",
     "data": {
      "text/plain": [
       "29"
      ]
     },
     "metadata": {},
     "execution_count": 10
    }
   ],
   "source": [
    "len(video_names)"
   ]
  },
  {
   "cell_type": "code",
   "execution_count": 11,
   "metadata": {},
   "outputs": [
    {
     "output_type": "stream",
     "name": "stderr",
     "text": [
      "100%|██████████| 29/29 [02:39<00:00,  5.50s/it]\n"
     ]
    }
   ],
   "source": [
    "list_df_max = []\n",
    "for v_name in tqdm(video_names):\n",
    "    df_annoted = get_df_video_with_annotations('/Users/valentinadiproietto/OpenFace/processed/', v_name, filename_annotations, \"max\")\n",
    "    list_df_max.append(eliminate_features(df_annoted))\n",
    "\n",
    "\n",
    "    "
   ]
  },
  {
   "source": [
    "## RECUPERO LE PREDIZIONI SULLE TIME WINDOW"
   ],
   "cell_type": "markdown",
   "metadata": {}
  },
  {
   "cell_type": "code",
   "execution_count": 56,
   "metadata": {},
   "outputs": [],
   "source": [
    "predict5s.to_csv('all_features_tw5.csv')"
   ]
  },
  {
   "cell_type": "code",
   "execution_count": 57,
   "metadata": {},
   "outputs": [
    {
     "output_type": "execute_result",
     "data": {
      "text/plain": [
       "                     video_name  diapo  frameTimeWindow  ypredict\n",
       "0                Test_pour_AFPA      9               44       0.0\n",
       "1                Test_pour_AFPA      9               45       0.0\n",
       "2                Test_pour_AFPA      9               46       0.0\n",
       "3                Test_pour_AFPA      9               47       0.0\n",
       "4                Test_pour_AFPA      9               48       0.0\n",
       "...                         ...    ...              ...       ...\n",
       "5136  WIN_20210417_14_53_12_Pro     18              120       1.0\n",
       "5137  WIN_20210417_14_53_12_Pro     18              121       1.0\n",
       "5138  WIN_20210417_14_53_12_Pro     18              122       1.0\n",
       "5139  WIN_20210417_14_53_12_Pro     18              123       1.0\n",
       "5140  WIN_20210417_14_53_12_Pro     18              124       1.0\n",
       "\n",
       "[5141 rows x 4 columns]"
      ],
      "text/html": "<div>\n<style scoped>\n    .dataframe tbody tr th:only-of-type {\n        vertical-align: middle;\n    }\n\n    .dataframe tbody tr th {\n        vertical-align: top;\n    }\n\n    .dataframe thead th {\n        text-align: right;\n    }\n</style>\n<table border=\"1\" class=\"dataframe\">\n  <thead>\n    <tr style=\"text-align: right;\">\n      <th></th>\n      <th>video_name</th>\n      <th>diapo</th>\n      <th>frameTimeWindow</th>\n      <th>ypredict</th>\n    </tr>\n  </thead>\n  <tbody>\n    <tr>\n      <th>0</th>\n      <td>Test_pour_AFPA</td>\n      <td>9</td>\n      <td>44</td>\n      <td>0.0</td>\n    </tr>\n    <tr>\n      <th>1</th>\n      <td>Test_pour_AFPA</td>\n      <td>9</td>\n      <td>45</td>\n      <td>0.0</td>\n    </tr>\n    <tr>\n      <th>2</th>\n      <td>Test_pour_AFPA</td>\n      <td>9</td>\n      <td>46</td>\n      <td>0.0</td>\n    </tr>\n    <tr>\n      <th>3</th>\n      <td>Test_pour_AFPA</td>\n      <td>9</td>\n      <td>47</td>\n      <td>0.0</td>\n    </tr>\n    <tr>\n      <th>4</th>\n      <td>Test_pour_AFPA</td>\n      <td>9</td>\n      <td>48</td>\n      <td>0.0</td>\n    </tr>\n    <tr>\n      <th>...</th>\n      <td>...</td>\n      <td>...</td>\n      <td>...</td>\n      <td>...</td>\n    </tr>\n    <tr>\n      <th>5136</th>\n      <td>WIN_20210417_14_53_12_Pro</td>\n      <td>18</td>\n      <td>120</td>\n      <td>1.0</td>\n    </tr>\n    <tr>\n      <th>5137</th>\n      <td>WIN_20210417_14_53_12_Pro</td>\n      <td>18</td>\n      <td>121</td>\n      <td>1.0</td>\n    </tr>\n    <tr>\n      <th>5138</th>\n      <td>WIN_20210417_14_53_12_Pro</td>\n      <td>18</td>\n      <td>122</td>\n      <td>1.0</td>\n    </tr>\n    <tr>\n      <th>5139</th>\n      <td>WIN_20210417_14_53_12_Pro</td>\n      <td>18</td>\n      <td>123</td>\n      <td>1.0</td>\n    </tr>\n    <tr>\n      <th>5140</th>\n      <td>WIN_20210417_14_53_12_Pro</td>\n      <td>18</td>\n      <td>124</td>\n      <td>1.0</td>\n    </tr>\n  </tbody>\n</table>\n<p>5141 rows × 4 columns</p>\n</div>"
     },
     "metadata": {},
     "execution_count": 57
    }
   ],
   "source": [
    "predict5s = pd.read_csv (\"all_features_tw5.csv')"
   ]
  },
  {
   "cell_type": "code",
   "execution_count": 15,
   "metadata": {},
   "outputs": [
    {
     "output_type": "execute_result",
     "data": {
      "text/plain": [
       "                     video_name  diapo  frameTimeWindow  ypredict\n",
       "0                Test_pour_AFPA      9               44       0.0\n",
       "1                Test_pour_AFPA      9               45       0.0\n",
       "2                Test_pour_AFPA      9               46       0.0\n",
       "3                Test_pour_AFPA      9               47       0.0\n",
       "4                Test_pour_AFPA      9               48       0.0\n",
       "...                         ...    ...              ...       ...\n",
       "5136  WIN_20210417_14_53_12_Pro     18              120       1.0\n",
       "5137  WIN_20210417_14_53_12_Pro     18              121       1.0\n",
       "5138  WIN_20210417_14_53_12_Pro     18              122       1.0\n",
       "5139  WIN_20210417_14_53_12_Pro     18              123       1.0\n",
       "5140  WIN_20210417_14_53_12_Pro     18              124       1.0\n",
       "\n",
       "[5141 rows x 4 columns]"
      ],
      "text/html": "<div>\n<style scoped>\n    .dataframe tbody tr th:only-of-type {\n        vertical-align: middle;\n    }\n\n    .dataframe tbody tr th {\n        vertical-align: top;\n    }\n\n    .dataframe thead th {\n        text-align: right;\n    }\n</style>\n<table border=\"1\" class=\"dataframe\">\n  <thead>\n    <tr style=\"text-align: right;\">\n      <th></th>\n      <th>video_name</th>\n      <th>diapo</th>\n      <th>frameTimeWindow</th>\n      <th>ypredict</th>\n    </tr>\n  </thead>\n  <tbody>\n    <tr>\n      <th>0</th>\n      <td>Test_pour_AFPA</td>\n      <td>9</td>\n      <td>44</td>\n      <td>0.0</td>\n    </tr>\n    <tr>\n      <th>1</th>\n      <td>Test_pour_AFPA</td>\n      <td>9</td>\n      <td>45</td>\n      <td>0.0</td>\n    </tr>\n    <tr>\n      <th>2</th>\n      <td>Test_pour_AFPA</td>\n      <td>9</td>\n      <td>46</td>\n      <td>0.0</td>\n    </tr>\n    <tr>\n      <th>3</th>\n      <td>Test_pour_AFPA</td>\n      <td>9</td>\n      <td>47</td>\n      <td>0.0</td>\n    </tr>\n    <tr>\n      <th>4</th>\n      <td>Test_pour_AFPA</td>\n      <td>9</td>\n      <td>48</td>\n      <td>0.0</td>\n    </tr>\n    <tr>\n      <th>...</th>\n      <td>...</td>\n      <td>...</td>\n      <td>...</td>\n      <td>...</td>\n    </tr>\n    <tr>\n      <th>5136</th>\n      <td>WIN_20210417_14_53_12_Pro</td>\n      <td>18</td>\n      <td>120</td>\n      <td>1.0</td>\n    </tr>\n    <tr>\n      <th>5137</th>\n      <td>WIN_20210417_14_53_12_Pro</td>\n      <td>18</td>\n      <td>121</td>\n      <td>1.0</td>\n    </tr>\n    <tr>\n      <th>5138</th>\n      <td>WIN_20210417_14_53_12_Pro</td>\n      <td>18</td>\n      <td>122</td>\n      <td>1.0</td>\n    </tr>\n    <tr>\n      <th>5139</th>\n      <td>WIN_20210417_14_53_12_Pro</td>\n      <td>18</td>\n      <td>123</td>\n      <td>1.0</td>\n    </tr>\n    <tr>\n      <th>5140</th>\n      <td>WIN_20210417_14_53_12_Pro</td>\n      <td>18</td>\n      <td>124</td>\n      <td>1.0</td>\n    </tr>\n  </tbody>\n</table>\n<p>5141 rows × 4 columns</p>\n</div>"
     },
     "metadata": {},
     "execution_count": 15
    }
   ],
   "source": [
    "predict5s = pd.read_csv('all_features_tw5.csv').drop(\"Unnamed: 0\", axis =1)\n",
    "predict5s"
   ]
  },
  {
   "source": [
    "## PIVOT TABLE WITH COUNT OF PREDICTION 5SEC, TO PREDICT STRESS Global"
   ],
   "cell_type": "markdown",
   "metadata": {}
  },
  {
   "cell_type": "code",
   "execution_count": 18,
   "metadata": {},
   "outputs": [
    {
     "output_type": "execute_result",
     "data": {
      "text/plain": [
       "ypredict                              0.0       1.0       2.0\n",
       "video_name                                                   \n",
       "Test_pour_AFPA                   0.338624  0.656085  0.005291\n",
       "Video_1                          0.556291  0.443709  0.000000\n",
       "WIN_20210323_19_17_40_Pro        0.059524  0.940476  0.000000\n",
       "WIN_20210329_10_16_02_Pro        0.095238  0.904762  0.000000\n",
       "WIN_20210330_13_10_29_Pro        0.357616  0.629139  0.013245\n",
       "WIN_20210331_21_22_52_Pro        0.047059  0.800000  0.152941\n",
       "WIN_20210402_19_04_53_Pro        0.497143  0.474286  0.028571\n",
       "WIN_20210403_18_49_15_Pro        0.198895  0.790055  0.011050\n",
       "WIN_20210404_10_58_27_Pro        0.570000  0.430000  0.000000\n",
       "WIN_20210404_21_41_12_Pro        0.465517  0.534483  0.000000\n",
       "WIN_20210405_15_09_16_Pro        0.219355  0.780645  0.000000\n",
       "WIN_20210406_15_06_15_Pro        0.268293  0.731707  0.000000\n",
       "WIN_20210406_18_35_52_Pro        0.158228  0.841772  0.000000\n",
       "WIN_20210406_18_49_10_Pro        0.380117  0.614035  0.005848\n",
       "WIN_20210406_21_05_52_Pro        0.010811  0.918919  0.070270\n",
       "WIN_20210407_09_04_05_Pro        0.963351  0.026178  0.010471\n",
       "WIN_20210407_14_54_56_Pro_edit2  0.490566  0.509434  0.000000\n",
       "WIN_20210408_11_48_58_Pro        0.222222  0.737778  0.040000\n",
       "WIN_20210408_14_00_44_Pro        0.410112  0.589888  0.000000\n",
       "WIN_20210408_14_02_19_Pro        0.035294  0.964706  0.000000\n",
       "WIN_20210408_14_11_32_Pro        0.615385  0.384615  0.000000\n",
       "WIN_20210408_15_20_51_Pro        0.151961  0.382353  0.465686\n",
       "WIN_20210408_16_04_32_Pro        0.211765  0.758824  0.029412\n",
       "WIN_20210409_10_26_11_Pro        0.231214  0.768786  0.000000\n",
       "WIN_20210413_15_38_01_Pro        0.277457  0.722543  0.000000\n",
       "WIN_20210414_06_24_52_Pro        0.176166  0.803109  0.020725\n",
       "WIN_20210415_15_41_24_Pro        0.350230  0.649770  0.000000\n",
       "WIN_20210416_08_06_54_Pro        0.128834  0.809816  0.061350\n",
       "WIN_20210417_14_53_12_Pro        0.694656  0.305344  0.000000"
      ],
      "text/html": "<div>\n<style scoped>\n    .dataframe tbody tr th:only-of-type {\n        vertical-align: middle;\n    }\n\n    .dataframe tbody tr th {\n        vertical-align: top;\n    }\n\n    .dataframe thead th {\n        text-align: right;\n    }\n</style>\n<table border=\"1\" class=\"dataframe\">\n  <thead>\n    <tr style=\"text-align: right;\">\n      <th>ypredict</th>\n      <th>0.0</th>\n      <th>1.0</th>\n      <th>2.0</th>\n    </tr>\n    <tr>\n      <th>video_name</th>\n      <th></th>\n      <th></th>\n      <th></th>\n    </tr>\n  </thead>\n  <tbody>\n    <tr>\n      <th>Test_pour_AFPA</th>\n      <td>0.338624</td>\n      <td>0.656085</td>\n      <td>0.005291</td>\n    </tr>\n    <tr>\n      <th>Video_1</th>\n      <td>0.556291</td>\n      <td>0.443709</td>\n      <td>0.000000</td>\n    </tr>\n    <tr>\n      <th>WIN_20210323_19_17_40_Pro</th>\n      <td>0.059524</td>\n      <td>0.940476</td>\n      <td>0.000000</td>\n    </tr>\n    <tr>\n      <th>WIN_20210329_10_16_02_Pro</th>\n      <td>0.095238</td>\n      <td>0.904762</td>\n      <td>0.000000</td>\n    </tr>\n    <tr>\n      <th>WIN_20210330_13_10_29_Pro</th>\n      <td>0.357616</td>\n      <td>0.629139</td>\n      <td>0.013245</td>\n    </tr>\n    <tr>\n      <th>WIN_20210331_21_22_52_Pro</th>\n      <td>0.047059</td>\n      <td>0.800000</td>\n      <td>0.152941</td>\n    </tr>\n    <tr>\n      <th>WIN_20210402_19_04_53_Pro</th>\n      <td>0.497143</td>\n      <td>0.474286</td>\n      <td>0.028571</td>\n    </tr>\n    <tr>\n      <th>WIN_20210403_18_49_15_Pro</th>\n      <td>0.198895</td>\n      <td>0.790055</td>\n      <td>0.011050</td>\n    </tr>\n    <tr>\n      <th>WIN_20210404_10_58_27_Pro</th>\n      <td>0.570000</td>\n      <td>0.430000</td>\n      <td>0.000000</td>\n    </tr>\n    <tr>\n      <th>WIN_20210404_21_41_12_Pro</th>\n      <td>0.465517</td>\n      <td>0.534483</td>\n      <td>0.000000</td>\n    </tr>\n    <tr>\n      <th>WIN_20210405_15_09_16_Pro</th>\n      <td>0.219355</td>\n      <td>0.780645</td>\n      <td>0.000000</td>\n    </tr>\n    <tr>\n      <th>WIN_20210406_15_06_15_Pro</th>\n      <td>0.268293</td>\n      <td>0.731707</td>\n      <td>0.000000</td>\n    </tr>\n    <tr>\n      <th>WIN_20210406_18_35_52_Pro</th>\n      <td>0.158228</td>\n      <td>0.841772</td>\n      <td>0.000000</td>\n    </tr>\n    <tr>\n      <th>WIN_20210406_18_49_10_Pro</th>\n      <td>0.380117</td>\n      <td>0.614035</td>\n      <td>0.005848</td>\n    </tr>\n    <tr>\n      <th>WIN_20210406_21_05_52_Pro</th>\n      <td>0.010811</td>\n      <td>0.918919</td>\n      <td>0.070270</td>\n    </tr>\n    <tr>\n      <th>WIN_20210407_09_04_05_Pro</th>\n      <td>0.963351</td>\n      <td>0.026178</td>\n      <td>0.010471</td>\n    </tr>\n    <tr>\n      <th>WIN_20210407_14_54_56_Pro_edit2</th>\n      <td>0.490566</td>\n      <td>0.509434</td>\n      <td>0.000000</td>\n    </tr>\n    <tr>\n      <th>WIN_20210408_11_48_58_Pro</th>\n      <td>0.222222</td>\n      <td>0.737778</td>\n      <td>0.040000</td>\n    </tr>\n    <tr>\n      <th>WIN_20210408_14_00_44_Pro</th>\n      <td>0.410112</td>\n      <td>0.589888</td>\n      <td>0.000000</td>\n    </tr>\n    <tr>\n      <th>WIN_20210408_14_02_19_Pro</th>\n      <td>0.035294</td>\n      <td>0.964706</td>\n      <td>0.000000</td>\n    </tr>\n    <tr>\n      <th>WIN_20210408_14_11_32_Pro</th>\n      <td>0.615385</td>\n      <td>0.384615</td>\n      <td>0.000000</td>\n    </tr>\n    <tr>\n      <th>WIN_20210408_15_20_51_Pro</th>\n      <td>0.151961</td>\n      <td>0.382353</td>\n      <td>0.465686</td>\n    </tr>\n    <tr>\n      <th>WIN_20210408_16_04_32_Pro</th>\n      <td>0.211765</td>\n      <td>0.758824</td>\n      <td>0.029412</td>\n    </tr>\n    <tr>\n      <th>WIN_20210409_10_26_11_Pro</th>\n      <td>0.231214</td>\n      <td>0.768786</td>\n      <td>0.000000</td>\n    </tr>\n    <tr>\n      <th>WIN_20210413_15_38_01_Pro</th>\n      <td>0.277457</td>\n      <td>0.722543</td>\n      <td>0.000000</td>\n    </tr>\n    <tr>\n      <th>WIN_20210414_06_24_52_Pro</th>\n      <td>0.176166</td>\n      <td>0.803109</td>\n      <td>0.020725</td>\n    </tr>\n    <tr>\n      <th>WIN_20210415_15_41_24_Pro</th>\n      <td>0.350230</td>\n      <td>0.649770</td>\n      <td>0.000000</td>\n    </tr>\n    <tr>\n      <th>WIN_20210416_08_06_54_Pro</th>\n      <td>0.128834</td>\n      <td>0.809816</td>\n      <td>0.061350</td>\n    </tr>\n    <tr>\n      <th>WIN_20210417_14_53_12_Pro</th>\n      <td>0.694656</td>\n      <td>0.305344</td>\n      <td>0.000000</td>\n    </tr>\n  </tbody>\n</table>\n</div>"
     },
     "metadata": {},
     "execution_count": 18
    }
   ],
   "source": [
    "X = predict5s.pivot_table(values='frameTimeWindow', columns='ypredict', index=['video_name'], aggfunc='count', fill_value=0)\n",
    "X_sum = X.sum(axis=1).values.copy()\n",
    "for col_number in range(len(X.columns)):\n",
    "    X.iloc[:,col_number] = X.iloc[:,col_number] / X_sum\n",
    "X"
   ]
  },
  {
   "cell_type": "code",
   "execution_count": 22,
   "metadata": {},
   "outputs": [
    {
     "output_type": "execute_result",
     "data": {
      "text/plain": [
       "                         video_name  stress_global\n",
       "0                    Test_pour_AFPA            1.0\n",
       "1                           Video_1            0.0\n",
       "2         WIN_20210323_19_17_40_Pro            1.0\n",
       "3         WIN_20210329_10_16_02_Pro            1.0\n",
       "4         WIN_20210330_13_10_29_Pro            0.0\n",
       "5         WIN_20210331_21_22_52_Pro            1.0\n",
       "6         WIN_20210402_14_27_50_Pro            1.0\n",
       "7         WIN_20210402_19_04_53_Pro            2.0\n",
       "8         WIN_20210403_18_49_15_Pro            2.0\n",
       "9         WIN_20210404_10_58_27_Pro            1.0\n",
       "10        WIN_20210404_21_41_12_Pro            0.0\n",
       "11        WIN_20210405_15_09_16_Pro            1.0\n",
       "12        WIN_20210406_15_06_15_Pro            2.0\n",
       "13        WIN_20210406_18_35_52_Pro            0.0\n",
       "14        WIN_20210406_18_49_10_Pro            1.0\n",
       "15        WIN_20210406_21_05_52_Pro            2.0\n",
       "16        WIN_20210407_09_04_05_Pro            2.0\n",
       "17  WIN_20210407_14_54_56_Pro_edit2            0.0\n",
       "18        WIN_20210408_11_48_58_Pro            2.0\n",
       "19        WIN_20210408_14_00_44_Pro            0.0\n",
       "20        WIN_20210408_14_02_19_Pro            0.0\n",
       "21        WIN_20210408_14_11_32_Pro            2.0\n",
       "22        WIN_20210408_15_20_51_Pro            0.0\n",
       "23        WIN_20210408_16_04_32_Pro            0.0\n",
       "24        WIN_20210409_10_26_11_Pro            0.0\n",
       "25        WIN_20210413_15_38_01_Pro            1.0\n",
       "26        WIN_20210414_06_24_52_Pro            2.0\n",
       "27        WIN_20210415_15_41_24_Pro            0.0\n",
       "28        WIN_20210416_08_06_54_Pro            1.0\n",
       "29        WIN_20210417_14_53_12_Pro            0.0"
      ],
      "text/html": "<div>\n<style scoped>\n    .dataframe tbody tr th:only-of-type {\n        vertical-align: middle;\n    }\n\n    .dataframe tbody tr th {\n        vertical-align: top;\n    }\n\n    .dataframe thead th {\n        text-align: right;\n    }\n</style>\n<table border=\"1\" class=\"dataframe\">\n  <thead>\n    <tr style=\"text-align: right;\">\n      <th></th>\n      <th>video_name</th>\n      <th>stress_global</th>\n    </tr>\n  </thead>\n  <tbody>\n    <tr>\n      <th>0</th>\n      <td>Test_pour_AFPA</td>\n      <td>1.0</td>\n    </tr>\n    <tr>\n      <th>1</th>\n      <td>Video_1</td>\n      <td>0.0</td>\n    </tr>\n    <tr>\n      <th>2</th>\n      <td>WIN_20210323_19_17_40_Pro</td>\n      <td>1.0</td>\n    </tr>\n    <tr>\n      <th>3</th>\n      <td>WIN_20210329_10_16_02_Pro</td>\n      <td>1.0</td>\n    </tr>\n    <tr>\n      <th>4</th>\n      <td>WIN_20210330_13_10_29_Pro</td>\n      <td>0.0</td>\n    </tr>\n    <tr>\n      <th>5</th>\n      <td>WIN_20210331_21_22_52_Pro</td>\n      <td>1.0</td>\n    </tr>\n    <tr>\n      <th>6</th>\n      <td>WIN_20210402_14_27_50_Pro</td>\n      <td>1.0</td>\n    </tr>\n    <tr>\n      <th>7</th>\n      <td>WIN_20210402_19_04_53_Pro</td>\n      <td>2.0</td>\n    </tr>\n    <tr>\n      <th>8</th>\n      <td>WIN_20210403_18_49_15_Pro</td>\n      <td>2.0</td>\n    </tr>\n    <tr>\n      <th>9</th>\n      <td>WIN_20210404_10_58_27_Pro</td>\n      <td>1.0</td>\n    </tr>\n    <tr>\n      <th>10</th>\n      <td>WIN_20210404_21_41_12_Pro</td>\n      <td>0.0</td>\n    </tr>\n    <tr>\n      <th>11</th>\n      <td>WIN_20210405_15_09_16_Pro</td>\n      <td>1.0</td>\n    </tr>\n    <tr>\n      <th>12</th>\n      <td>WIN_20210406_15_06_15_Pro</td>\n      <td>2.0</td>\n    </tr>\n    <tr>\n      <th>13</th>\n      <td>WIN_20210406_18_35_52_Pro</td>\n      <td>0.0</td>\n    </tr>\n    <tr>\n      <th>14</th>\n      <td>WIN_20210406_18_49_10_Pro</td>\n      <td>1.0</td>\n    </tr>\n    <tr>\n      <th>15</th>\n      <td>WIN_20210406_21_05_52_Pro</td>\n      <td>2.0</td>\n    </tr>\n    <tr>\n      <th>16</th>\n      <td>WIN_20210407_09_04_05_Pro</td>\n      <td>2.0</td>\n    </tr>\n    <tr>\n      <th>17</th>\n      <td>WIN_20210407_14_54_56_Pro_edit2</td>\n      <td>0.0</td>\n    </tr>\n    <tr>\n      <th>18</th>\n      <td>WIN_20210408_11_48_58_Pro</td>\n      <td>2.0</td>\n    </tr>\n    <tr>\n      <th>19</th>\n      <td>WIN_20210408_14_00_44_Pro</td>\n      <td>0.0</td>\n    </tr>\n    <tr>\n      <th>20</th>\n      <td>WIN_20210408_14_02_19_Pro</td>\n      <td>0.0</td>\n    </tr>\n    <tr>\n      <th>21</th>\n      <td>WIN_20210408_14_11_32_Pro</td>\n      <td>2.0</td>\n    </tr>\n    <tr>\n      <th>22</th>\n      <td>WIN_20210408_15_20_51_Pro</td>\n      <td>0.0</td>\n    </tr>\n    <tr>\n      <th>23</th>\n      <td>WIN_20210408_16_04_32_Pro</td>\n      <td>0.0</td>\n    </tr>\n    <tr>\n      <th>24</th>\n      <td>WIN_20210409_10_26_11_Pro</td>\n      <td>0.0</td>\n    </tr>\n    <tr>\n      <th>25</th>\n      <td>WIN_20210413_15_38_01_Pro</td>\n      <td>1.0</td>\n    </tr>\n    <tr>\n      <th>26</th>\n      <td>WIN_20210414_06_24_52_Pro</td>\n      <td>2.0</td>\n    </tr>\n    <tr>\n      <th>27</th>\n      <td>WIN_20210415_15_41_24_Pro</td>\n      <td>0.0</td>\n    </tr>\n    <tr>\n      <th>28</th>\n      <td>WIN_20210416_08_06_54_Pro</td>\n      <td>1.0</td>\n    </tr>\n    <tr>\n      <th>29</th>\n      <td>WIN_20210417_14_53_12_Pro</td>\n      <td>0.0</td>\n    </tr>\n  </tbody>\n</table>\n</div>"
     },
     "metadata": {},
     "execution_count": 22
    }
   ],
   "source": [
    "#recuperalo stress globale vero \n",
    "df_annotations_stress = pd.read_csv('annotations.csv')\n",
    "df_annotations_stress = df_annotations_stress.drop(['1', '8', '9', '10', '11', '12', '17', '18'], axis =1)\n",
    "df_annotations_stress"
   ]
  },
  {
   "cell_type": "code",
   "execution_count": 23,
   "metadata": {},
   "outputs": [
    {
     "output_type": "execute_result",
     "data": {
      "text/plain": [
       "                         video_name       0.0       1.0       2.0  \\\n",
       "0                    Test_pour_AFPA  0.338624  0.656085  0.005291   \n",
       "1                           Video_1  0.556291  0.443709  0.000000   \n",
       "2         WIN_20210323_19_17_40_Pro  0.059524  0.940476  0.000000   \n",
       "3         WIN_20210329_10_16_02_Pro  0.095238  0.904762  0.000000   \n",
       "4         WIN_20210330_13_10_29_Pro  0.357616  0.629139  0.013245   \n",
       "5         WIN_20210331_21_22_52_Pro  0.047059  0.800000  0.152941   \n",
       "6         WIN_20210402_19_04_53_Pro  0.497143  0.474286  0.028571   \n",
       "7         WIN_20210403_18_49_15_Pro  0.198895  0.790055  0.011050   \n",
       "8         WIN_20210404_10_58_27_Pro  0.570000  0.430000  0.000000   \n",
       "9         WIN_20210404_21_41_12_Pro  0.465517  0.534483  0.000000   \n",
       "10        WIN_20210405_15_09_16_Pro  0.219355  0.780645  0.000000   \n",
       "11        WIN_20210406_15_06_15_Pro  0.268293  0.731707  0.000000   \n",
       "12        WIN_20210406_18_35_52_Pro  0.158228  0.841772  0.000000   \n",
       "13        WIN_20210406_18_49_10_Pro  0.380117  0.614035  0.005848   \n",
       "14        WIN_20210406_21_05_52_Pro  0.010811  0.918919  0.070270   \n",
       "15        WIN_20210407_09_04_05_Pro  0.963351  0.026178  0.010471   \n",
       "16  WIN_20210407_14_54_56_Pro_edit2  0.490566  0.509434  0.000000   \n",
       "17        WIN_20210408_11_48_58_Pro  0.222222  0.737778  0.040000   \n",
       "18        WIN_20210408_14_00_44_Pro  0.410112  0.589888  0.000000   \n",
       "19        WIN_20210408_14_02_19_Pro  0.035294  0.964706  0.000000   \n",
       "20        WIN_20210408_14_11_32_Pro  0.615385  0.384615  0.000000   \n",
       "21        WIN_20210408_15_20_51_Pro  0.151961  0.382353  0.465686   \n",
       "22        WIN_20210408_16_04_32_Pro  0.211765  0.758824  0.029412   \n",
       "23        WIN_20210409_10_26_11_Pro  0.231214  0.768786  0.000000   \n",
       "24        WIN_20210413_15_38_01_Pro  0.277457  0.722543  0.000000   \n",
       "25        WIN_20210414_06_24_52_Pro  0.176166  0.803109  0.020725   \n",
       "26        WIN_20210415_15_41_24_Pro  0.350230  0.649770  0.000000   \n",
       "27        WIN_20210416_08_06_54_Pro  0.128834  0.809816  0.061350   \n",
       "28        WIN_20210417_14_53_12_Pro  0.694656  0.305344  0.000000   \n",
       "\n",
       "    stress_global  \n",
       "0             1.0  \n",
       "1             0.0  \n",
       "2             1.0  \n",
       "3             1.0  \n",
       "4             0.0  \n",
       "5             1.0  \n",
       "6             2.0  \n",
       "7             2.0  \n",
       "8             1.0  \n",
       "9             0.0  \n",
       "10            1.0  \n",
       "11            2.0  \n",
       "12            0.0  \n",
       "13            1.0  \n",
       "14            2.0  \n",
       "15            2.0  \n",
       "16            0.0  \n",
       "17            2.0  \n",
       "18            0.0  \n",
       "19            0.0  \n",
       "20            2.0  \n",
       "21            0.0  \n",
       "22            0.0  \n",
       "23            0.0  \n",
       "24            1.0  \n",
       "25            2.0  \n",
       "26            0.0  \n",
       "27            1.0  \n",
       "28            0.0  "
      ],
      "text/html": "<div>\n<style scoped>\n    .dataframe tbody tr th:only-of-type {\n        vertical-align: middle;\n    }\n\n    .dataframe tbody tr th {\n        vertical-align: top;\n    }\n\n    .dataframe thead th {\n        text-align: right;\n    }\n</style>\n<table border=\"1\" class=\"dataframe\">\n  <thead>\n    <tr style=\"text-align: right;\">\n      <th></th>\n      <th>video_name</th>\n      <th>0.0</th>\n      <th>1.0</th>\n      <th>2.0</th>\n      <th>stress_global</th>\n    </tr>\n  </thead>\n  <tbody>\n    <tr>\n      <th>0</th>\n      <td>Test_pour_AFPA</td>\n      <td>0.338624</td>\n      <td>0.656085</td>\n      <td>0.005291</td>\n      <td>1.0</td>\n    </tr>\n    <tr>\n      <th>1</th>\n      <td>Video_1</td>\n      <td>0.556291</td>\n      <td>0.443709</td>\n      <td>0.000000</td>\n      <td>0.0</td>\n    </tr>\n    <tr>\n      <th>2</th>\n      <td>WIN_20210323_19_17_40_Pro</td>\n      <td>0.059524</td>\n      <td>0.940476</td>\n      <td>0.000000</td>\n      <td>1.0</td>\n    </tr>\n    <tr>\n      <th>3</th>\n      <td>WIN_20210329_10_16_02_Pro</td>\n      <td>0.095238</td>\n      <td>0.904762</td>\n      <td>0.000000</td>\n      <td>1.0</td>\n    </tr>\n    <tr>\n      <th>4</th>\n      <td>WIN_20210330_13_10_29_Pro</td>\n      <td>0.357616</td>\n      <td>0.629139</td>\n      <td>0.013245</td>\n      <td>0.0</td>\n    </tr>\n    <tr>\n      <th>5</th>\n      <td>WIN_20210331_21_22_52_Pro</td>\n      <td>0.047059</td>\n      <td>0.800000</td>\n      <td>0.152941</td>\n      <td>1.0</td>\n    </tr>\n    <tr>\n      <th>6</th>\n      <td>WIN_20210402_19_04_53_Pro</td>\n      <td>0.497143</td>\n      <td>0.474286</td>\n      <td>0.028571</td>\n      <td>2.0</td>\n    </tr>\n    <tr>\n      <th>7</th>\n      <td>WIN_20210403_18_49_15_Pro</td>\n      <td>0.198895</td>\n      <td>0.790055</td>\n      <td>0.011050</td>\n      <td>2.0</td>\n    </tr>\n    <tr>\n      <th>8</th>\n      <td>WIN_20210404_10_58_27_Pro</td>\n      <td>0.570000</td>\n      <td>0.430000</td>\n      <td>0.000000</td>\n      <td>1.0</td>\n    </tr>\n    <tr>\n      <th>9</th>\n      <td>WIN_20210404_21_41_12_Pro</td>\n      <td>0.465517</td>\n      <td>0.534483</td>\n      <td>0.000000</td>\n      <td>0.0</td>\n    </tr>\n    <tr>\n      <th>10</th>\n      <td>WIN_20210405_15_09_16_Pro</td>\n      <td>0.219355</td>\n      <td>0.780645</td>\n      <td>0.000000</td>\n      <td>1.0</td>\n    </tr>\n    <tr>\n      <th>11</th>\n      <td>WIN_20210406_15_06_15_Pro</td>\n      <td>0.268293</td>\n      <td>0.731707</td>\n      <td>0.000000</td>\n      <td>2.0</td>\n    </tr>\n    <tr>\n      <th>12</th>\n      <td>WIN_20210406_18_35_52_Pro</td>\n      <td>0.158228</td>\n      <td>0.841772</td>\n      <td>0.000000</td>\n      <td>0.0</td>\n    </tr>\n    <tr>\n      <th>13</th>\n      <td>WIN_20210406_18_49_10_Pro</td>\n      <td>0.380117</td>\n      <td>0.614035</td>\n      <td>0.005848</td>\n      <td>1.0</td>\n    </tr>\n    <tr>\n      <th>14</th>\n      <td>WIN_20210406_21_05_52_Pro</td>\n      <td>0.010811</td>\n      <td>0.918919</td>\n      <td>0.070270</td>\n      <td>2.0</td>\n    </tr>\n    <tr>\n      <th>15</th>\n      <td>WIN_20210407_09_04_05_Pro</td>\n      <td>0.963351</td>\n      <td>0.026178</td>\n      <td>0.010471</td>\n      <td>2.0</td>\n    </tr>\n    <tr>\n      <th>16</th>\n      <td>WIN_20210407_14_54_56_Pro_edit2</td>\n      <td>0.490566</td>\n      <td>0.509434</td>\n      <td>0.000000</td>\n      <td>0.0</td>\n    </tr>\n    <tr>\n      <th>17</th>\n      <td>WIN_20210408_11_48_58_Pro</td>\n      <td>0.222222</td>\n      <td>0.737778</td>\n      <td>0.040000</td>\n      <td>2.0</td>\n    </tr>\n    <tr>\n      <th>18</th>\n      <td>WIN_20210408_14_00_44_Pro</td>\n      <td>0.410112</td>\n      <td>0.589888</td>\n      <td>0.000000</td>\n      <td>0.0</td>\n    </tr>\n    <tr>\n      <th>19</th>\n      <td>WIN_20210408_14_02_19_Pro</td>\n      <td>0.035294</td>\n      <td>0.964706</td>\n      <td>0.000000</td>\n      <td>0.0</td>\n    </tr>\n    <tr>\n      <th>20</th>\n      <td>WIN_20210408_14_11_32_Pro</td>\n      <td>0.615385</td>\n      <td>0.384615</td>\n      <td>0.000000</td>\n      <td>2.0</td>\n    </tr>\n    <tr>\n      <th>21</th>\n      <td>WIN_20210408_15_20_51_Pro</td>\n      <td>0.151961</td>\n      <td>0.382353</td>\n      <td>0.465686</td>\n      <td>0.0</td>\n    </tr>\n    <tr>\n      <th>22</th>\n      <td>WIN_20210408_16_04_32_Pro</td>\n      <td>0.211765</td>\n      <td>0.758824</td>\n      <td>0.029412</td>\n      <td>0.0</td>\n    </tr>\n    <tr>\n      <th>23</th>\n      <td>WIN_20210409_10_26_11_Pro</td>\n      <td>0.231214</td>\n      <td>0.768786</td>\n      <td>0.000000</td>\n      <td>0.0</td>\n    </tr>\n    <tr>\n      <th>24</th>\n      <td>WIN_20210413_15_38_01_Pro</td>\n      <td>0.277457</td>\n      <td>0.722543</td>\n      <td>0.000000</td>\n      <td>1.0</td>\n    </tr>\n    <tr>\n      <th>25</th>\n      <td>WIN_20210414_06_24_52_Pro</td>\n      <td>0.176166</td>\n      <td>0.803109</td>\n      <td>0.020725</td>\n      <td>2.0</td>\n    </tr>\n    <tr>\n      <th>26</th>\n      <td>WIN_20210415_15_41_24_Pro</td>\n      <td>0.350230</td>\n      <td>0.649770</td>\n      <td>0.000000</td>\n      <td>0.0</td>\n    </tr>\n    <tr>\n      <th>27</th>\n      <td>WIN_20210416_08_06_54_Pro</td>\n      <td>0.128834</td>\n      <td>0.809816</td>\n      <td>0.061350</td>\n      <td>1.0</td>\n    </tr>\n    <tr>\n      <th>28</th>\n      <td>WIN_20210417_14_53_12_Pro</td>\n      <td>0.694656</td>\n      <td>0.305344</td>\n      <td>0.000000</td>\n      <td>0.0</td>\n    </tr>\n  </tbody>\n</table>\n</div>"
     },
     "metadata": {},
     "execution_count": 23
    }
   ],
   "source": [
    "Xy = X.merge(df_annotations_stress, how='inner', on=['video_name'])\n",
    "X = Xy.iloc[:,:-1].set_index(['video_name'])\n",
    "y = Xy.iloc[:,-1]\n",
    "Xy"
   ]
  },
  {
   "cell_type": "code",
   "execution_count": 24,
   "metadata": {},
   "outputs": [
    {
     "output_type": "execute_result",
     "data": {
      "text/plain": [
       "                                      0.0       1.0       2.0\n",
       "video_name                                                   \n",
       "Test_pour_AFPA                   0.338624  0.656085  0.005291\n",
       "Video_1                          0.556291  0.443709  0.000000\n",
       "WIN_20210323_19_17_40_Pro        0.059524  0.940476  0.000000\n",
       "WIN_20210329_10_16_02_Pro        0.095238  0.904762  0.000000\n",
       "WIN_20210330_13_10_29_Pro        0.357616  0.629139  0.013245\n",
       "WIN_20210331_21_22_52_Pro        0.047059  0.800000  0.152941\n",
       "WIN_20210402_19_04_53_Pro        0.497143  0.474286  0.028571\n",
       "WIN_20210403_18_49_15_Pro        0.198895  0.790055  0.011050\n",
       "WIN_20210404_10_58_27_Pro        0.570000  0.430000  0.000000\n",
       "WIN_20210404_21_41_12_Pro        0.465517  0.534483  0.000000\n",
       "WIN_20210405_15_09_16_Pro        0.219355  0.780645  0.000000\n",
       "WIN_20210406_15_06_15_Pro        0.268293  0.731707  0.000000\n",
       "WIN_20210406_18_35_52_Pro        0.158228  0.841772  0.000000\n",
       "WIN_20210406_18_49_10_Pro        0.380117  0.614035  0.005848\n",
       "WIN_20210406_21_05_52_Pro        0.010811  0.918919  0.070270\n",
       "WIN_20210407_09_04_05_Pro        0.963351  0.026178  0.010471\n",
       "WIN_20210407_14_54_56_Pro_edit2  0.490566  0.509434  0.000000\n",
       "WIN_20210408_11_48_58_Pro        0.222222  0.737778  0.040000\n",
       "WIN_20210408_14_00_44_Pro        0.410112  0.589888  0.000000\n",
       "WIN_20210408_14_02_19_Pro        0.035294  0.964706  0.000000\n",
       "WIN_20210408_14_11_32_Pro        0.615385  0.384615  0.000000\n",
       "WIN_20210408_15_20_51_Pro        0.151961  0.382353  0.465686\n",
       "WIN_20210408_16_04_32_Pro        0.211765  0.758824  0.029412\n",
       "WIN_20210409_10_26_11_Pro        0.231214  0.768786  0.000000\n",
       "WIN_20210413_15_38_01_Pro        0.277457  0.722543  0.000000\n",
       "WIN_20210414_06_24_52_Pro        0.176166  0.803109  0.020725\n",
       "WIN_20210415_15_41_24_Pro        0.350230  0.649770  0.000000\n",
       "WIN_20210416_08_06_54_Pro        0.128834  0.809816  0.061350\n",
       "WIN_20210417_14_53_12_Pro        0.694656  0.305344  0.000000"
      ],
